750
998
972
987
986
954
978
971
939
948
964
997
969
962
951
936
992
913
886
994
944
976
942
819
921
959
983
966
970
924
989
923
975
896
917
933
899
914
926
950
889
890
888
955
860
870
877
922
963
908
880
878
938
935
906
887
895
867
863
855
803
865
931
869
836
875
874
831
859
792
842
848
907
851
845
893
830
905
850
900
812
787
843
822
746
849
784
852
844
839
823
826
864
820
766
821
756
829
827
807
747
790
809
779
772
729
776
736
733
786
925
815
777
780
768
791
771
804
775
811
755
743
764
741
730
742
802
854
754
732
725
728
727
757
745
724
693
708
679
738
799
707
785
761
654
778
680
646
682
691
667
672
677
658
734
723
712
739
706
719
718
652
688
647
650
645
638
722
605
678
704
656
621
713
663
644
627
748
614
623
610
613
629
588
639
594
641
576
642
671
655
767
649
702
692
648
616
687
669
611
560
584
606
604
565
602
561
694
559
531
570
557
575
574
546
592
555
640
532
533
507
596
567
593
514
549
591
556
550
489
502
626
479
551
530
493
539
536
505
597
569
515
509
520
516
541
519
497
538
508
690
488
540
483
504
554
526
433
499
485
477
500
446
468
440
506
480
463
457
460
425
442
441
453
473
472
436
412
467
451
423
439
448
491
411
416
367
406
364
421
347
323
389
462
450
456
435
313
393
396
430
387
361
357
378
397
391
404
370
381
352
362
486
369
360
342
400
377
346
429
314
358
265
356
354
334
351
348
379
303
282
326
328
333
320
267
380
255
245
292
420
299
294
329
374
349
275
332
340
286
301
316
319
311
277
312
302
300
279
325
309
284
254
315
241
260
296
283
293
305
261
251
208
222
278
281
219
268
240
298
216
274
203
247
431
287
176
276
132
317
232
229
217
187
308
272
239
202
205
213
197
228
233
258
211
184
192
193
230
196
201
189
178
154
177
209
194
235
225
212
179
145
140
139
112
174
127
167
181
149
170
186
125
111
164
113
166
136
220
148
159
121
92
106
90
81
17
109
120
141
28
110
48
100
103
98
23
135
39
122
43
87
56
89
142
75
60
62
19
7
83
45
78
74
14
22
107
13
70
77
38
11
210
50
35
4
1
41
63
34
73
16
3
33
21
5
9
24
25
29
42
0 2
6 8
10 12
15 18
20 26
27 30
31 32
36 37
40 44
46 47
49 51
52 53
54 55
57 58
59 61
64 65
66 67
68 69
71 72
76 79
80 82
84 85
86 88
91 93
94 95
96 97
99 101
102 104
105 108
114 115
116 117
118 119
123 124
126 128
129 130
131 133
134 137
138 143
144 146
147 150
151 152
153 155
156 157
158 160
161 162
163 165
168 169
171 172
173 175
180 182
183 185
188 190
191 195
198 199
200 204
206 207
214 215
218 221
223 224
226 227
231 234
236 237
238 242
243 244
246 248
249 250
252 253
256 257
259 262
263 264
266 269
270 271
273 280
285 288
289 290
291 295
297 304
306 307
310 318
321 322
324 327
330 331
335 336
337 338
339 341
343 344
345 350
353 355
359 363
365 366
368 371
372 373
375 376
382 383
384 385
386 388
390 392
394 395
398 399
401 402
403 405
407 408
409 410
413 414
415 417
418 419
422 424
426 427
428 432
434 437
438 443
444 445
447 449
452 454
455 458
459 461
464 465
466 469
470 471
474 475
476 478
481 482
484 487
490 492
494 495
496 498
501 503
510 511
512 513
517 518
521 522
523 524
525 527
528 529
534 535
537 542
543 544
545 547
548 552
553 558
562 563
564 566
568 571
572 573
577 578
579 580
581 582
583 585
586 587
589 590
595 598
599 600
601 603
607 608
609 612
615 617
618 619
620 622
624 625
628 630
631 632
633 634
635 636
637 643
651 653
657 659
660 661
662 664
665 666
668 670
673 674
675 676
681 683
684 685
686 689
695 696
697 698
699 700
701 703
705 709
710 711
714 715
716 717
720 721
726 731
735 737
740 744
749 750
751 752
753 758
759 760
762 763
765 769
770 773
774 781
782 783
788 789
793 794
795 796
797 798
800 801
805 806
808 810
813 814
816 817
818 824
825 828
832 833
834 835
837 838
840 841
846 847
853 856
857 858
861 862
866 868
871 872
873 876
879 881
882 883
884 885
891 892
894 897
898 901
902 903
904 909
910 911
912 915
916 918
919 920
927 928
929 930
932 934
937 940
941 943
945 946
947 949
952 953
956 957
958 960
961 965
967 968
973 974
977 979
980 981
982 984
985 988
990 991
993 995
996 999
